# Flir 640 Left Camera
image_width: 640
image_height: 512
camera_name: thermal_left

# Camera Matrix
camera_matrix:
  rows: 3
  cols: 3
  data: [412.07763021, 0, 313.67545778,
         0, 412.14064666, 249.36239648,
         0, 0, 1]

# Distortion Model and Coefficients
distortion_model: plumb_bob
distortion_coefficients:
  rows: 1
  cols: 4
  data: [-0.36750715, 0.12043685, -0.00051638, 0.00042814]

# Rectification Matrix (Identity)
rectification_matrix:
  rows: 3
  cols: 3
  data: [1, 0, 0,
         0, 1, 0,
         0, 0, 1]

# Projection Matrix
projection_matrix:
  rows: 3
  cols: 4
  data: [412.07763021, 0, 313.67545778, 0,
         0, 412.14064666, 249.36239648, 0,
         0, 0, 1, 0]

# Camera Resolution
resolution: [640, 512]

# ROS Topic
rostopic: /thermal_left/image

# Calibration Data
cam_overlaps: [1]  # Single camera (no overlap with another cam)
camera_model: pinhole
intrinsics: [412.07763021, 412.14064666, 313.67545778, 249.36239648]
distortion_coeffs: [-0.36750715, 0.12043685, -0.00051638, 0.00042814]